image_width: 1280
image_height: 720
camera_name: camera_usb
camera_matrix:
  rows: 3
  cols: 3
  data: [952.99059,   0.     , 646.23119,
           0.     , 954.22559, 350.23931,
           0.     ,   0.     ,   1.     ]
distortion_model: plumb_bob
distortion_coefficients:
  rows: 1
  cols: 5
  data: [0.044799, -0.141370, 0.002565, -0.008964, 0.000000]
rectification_matrix:
  rows: 3
  cols: 3
  data: [1., 0., 0.,
         0., 1., 0.,
         0., 0., 1.]
projection_matrix:
  rows: 3
  cols: 4
  data: [943.82794,   0.     , 633.97092,   0.     ,
           0.     , 962.27362, 351.48107,   0.     ,
           0.     ,   0.     ,   1.     ,   0.     ]
